sales_key,date_key,customer_key,product_key,store_key,quantity_sold,unit_price,total_sales_amount
1,20230101,1,1,1,1,10.00,10.00
2,20230102,2,2,2,2,15.50,31.00
3,20230103,3,3,3,3,7.25,21.75
4,20230104,4,4,4,4,120.00,480.00
5,20230105,5,5,5,5,45.99,229.95
6,20230106,6,6,6,6,5.00,30.00
7,20230107,7,7,7,7,250.00,1750.00
8,20230108,8,8,8,8,19.99,159.92
9,20230109,9,9,9,9,3.49,31.41
10,20230110,10,10,10,10,9.99,99.90
11,20230101,11,11,1,1,29.95,29.95
12,20230102,12,12,2,2,199.99,399.98
13,20230103,13,13,3,3,49.50,148.50
14,20230104,14,14,4,4,12.75,51.00
15,20230105,15,15,5,5,2.99,14.95
16,20230106,16,1,6,6,10.00,60.00
17,20230107,17,2,7,7,15.50,108.50
18,20230108,18,3,8,8,7.25,58.00
19,20230109,19,4,9,9,120.00,1080.00
20,20230110,20,5,10,10,45.99,459.90
21,20230101,1,6,1,1,5.00,5.00
22,20230102,2,7,2,2,250.00,500.00
23,20230103,3,8,3,3,19.99,59.97
24,20230104,4,9,4,4,3.49,13.96
25,20230105,5,10,5,5,9.99,49.95
26,20230106,6,11,6,6,29.95,179.70
27,20230107,7,12,7,7,199.99,1399.93
28,20230108,8,13,8,8,49.50,396.00
29,20230109,9,14,9,9,12.75,114.75
30,20230110,10,15,10,10,2.99,29.90
31,20230101,11,1,1,1,10.00,10.00
32,20230102,12,2,2,2,15.50,31.00
33,20230103,13,3,3,3,7.25,21.75
34,20230104,14,4,4,4,120.00,480.00
35,20230105,15,5,5,5,45.99,229.95
36,20230106,16,6,6,6,5.00,30.00
37,20230107,17,7,7,7,250.00,1750.00
38,20230108,18,8,8,8,19.99,159.92
39,20230109,19,9,9,9,3.49,31.41
40,20230110,20,10,10,10,9.99,99.90
41,20230101,1,11,1,1,29.95,29.95
42,20230102,2,12,2,2,199.99,399.98
43,20230103,3,13,3,3,49.50,148.50
44,20230104,4,14,4,4,12.75,51.00
45,20230105,5,15,5,5,2.99,14.95
46,20230106,6,1,6,6,10.00,60.00
47,20230107,7,2,7,7,15.50,108.50
48,20230108,8,3,8,8,7.25,58.00
49,20230109,9,4,9,9,120.00,1080.00
50,20230110,10,5,10,10,45.99,459.90
51,20230101,11,6,1,1,5.00,5.00
52,20230102,12,7,2,2,250.00,500.00
53,20230103,13,8,3,3,19.99,59.97
54,20230104,14,9,4,4,3.49,13.96
55,20230105,15,10,5,5,9.99,49.95
56,20230106,16,11,6,6,29.95,179.70
57,20230107,17,12,7,7,199.99,1399.93
58,20230108,18,13,8,8,49.50,396.00
59,20230109,19,14,9,9,12.75,114.75
60,20230110,20,15,10,10,2.99,29.90
61,20230101,1,1,1,1,10.00,10.00
62,20230102,2,2,2,2,15.50,31.00
63,20230103,3,3,3,3,7.25,21.75
64,20230104,4,4,4,4,120.00,480.00
65,20230105,5,5,5,5,45.99,229.95
66,20230106,6,6,6,6,5.00,30.00
67,20230107,7,7,7,7,250.00,1750.00
68,20230108,8,8,8,8,19.99,159.92
69,20230109,9,9,9,9,3.49,31.41
70,20230110,10,10,10,10,9.99,99.90
71,20230101,11,11,1,1,29.95,29.95
72,20230102,12,12,2,2,199.99,399.98
73,20230103,13,13,3,3,49.50,148.50
74,20230104,14,14,4,4,12.75,51.00
75,20230105,15,15,5,5,2.99,14.95
76,20230106,16,1,6,6,10.00,60.00
77,20230107,17,2,7,7,15.50,108.50
78,20230108,18,3,8,8,7.25,58.00
79,20230109,19,4,9,9,120.00,1080.00
80,20230110,20,5,10,10,45.99,459.90
81,20230101,1,6,1,1,5.00,5.00
82,20230102,2,7,2,2,250.00,500.00
83,20230103,3,8,3,3,19.99,59.97
84,20230104,4,9,4,4,3.49,13.96
85,20230105,5,10,5,5,9.99,49.95
86,20230106,6,11,6,6,29.95,179.70
87,20230107,7,12,7,7,199.99,1399.93
88,20230108,8,13,8,8,49.50,396.00
89,20230109,9,14,9,9,12.75,114.75
90,20230110,10,15,10,10,2.99,29.90
91,20230101,11,1,1,1,10.00,10.00
92,20230102,12,2,2,2,15.50,31.00
93,20230103,13,3,3,3,7.25,21.75
94,20230104,14,4,4,4,120.00,480.00
95,20230105,15,5,5,5,45.99,229.95
96,20230106,16,6,6,6,5.00,30.00
97,20230107,17,7,7,7,250.00,1750.00
98,20230108,18,8,8,8,19.99,159.92
99,20230109,19,9,9,9,3.49,31.41
100,20230110,20,10,10,10,9.99,99.90